%.diffable: %
	perl -pe 's/,/,\n/g' <$< >$@

all: temoin.1.diffable temoin.2.diffable test.1.diffable test.2.diffable

WGET=wget --user=test --password=test2050

temoin.1:
	$(WGET) -O "$@" 'http://pathway-validation.routerank.com/en/pathways/GWh,GWh,GWh,thousand t,billion UBP,million CHF,annual,2050,9.21,0.79,1.00,44.00,0.20,2851.00,0.60,15.70,10.80,2.70,3.50,67.30,26.00,36.00,2.00,37.67,25.64,36.70,69.66,30.34,30.31,44.62,25.07,0.00,0.00,23.36,12.29,0.98,2.76,60.60,0.00,31.09,0.00,24.67,2.05,0.34,0.15,16.68,0.00,22.83,25.00,4.50,8.20,4.46,0.70,1.00,9.54,6.70,9.20,0.83,3.00,3.00,3.000/data'

test.1:
	$(WGET) -O "$@" 'http://pathway-validation.routerank.com/en/pathways/GWh,GWh,GWh,thousand t,billion UBP,million CHF,annual,2050,9.21,0.79,1.00,44.00,0.20,2851.00,0.60,15.70,10.80,2.70,3.50,67.30,26.00,36.00,2.00,37.67,25.64,36.70,69.66,30.34,30.31,44.62,25.07,0.00,0.00,23.36,12.29,0.98,2.76,60.60,0.00,31.09,0.00,24.67,2.05,0.34,0.15,16.68,0.00,22.83,26.00,4.50,8.20,4.46,0.70,1.00,9.54,6.70,9.20,0.83,3.00,3.00,3.000/data'

exp$(POURCENT).1:
	$(WGET) -O "$@" 'http://pathway-validation.routerank.com/en/pathways/GWh,GWh,GWh,thousand t,billion UBP,million CHF,annual,2050,9.21,0.79,1.00,44.00,0.20,2851.00,0.60,15.70,10.80,2.70,3.50,67.30,26.00,36.00,2.00,37.67,25.64,36.70,69.66,30.34,30.31,44.62,25.07,0.00,0.00,23.36,12.29,0.98,2.76,60.60,0.00,31.09,0.00,24.67,2.05,0.34,0.15,16.68,0.00,22.83,$(POURCENT).00,4.50,8.20,4.46,0.70,1.00,9.54,6.70,9.20,0.83,3.00,3.00,3.000/data'

temoin.2:
	$(WGET) -O "$@" 'http://pathway-validation.routerank.com/en/pathways/GWh,GWh,GWh,thousand t,billion UBP,million CHF,annual,2011,8.2,0.792,1,23,0.17,2500,0.41,15.7,10.8,2.7,3.5,67.3,30,45,2,20,60,20,7,93,18.3,36.3,45.4,0,12.2,0,7.1,1.3,59,9.1,11.3,41.579807,14,11,2,1,0,0,0,0,12,2.5,8.2,4.3,0.2,1,0.1,0.1,0.1,0,3,2,2.5/data'

test.2:
	$(WGET) -O "$@" 'http://pathway-validation.routerank.com/en/pathways/GWh,GWh,GWh,thousand t,billion UBP,million CHF,annual,2011,8.2,0.792,1,23,0.17,2500,0.41,15.7,10.8,2.7,3.5,67.3,30,45,2,20,60,20,7,93,18.3,36.3,45.4,0,12.2,0,7.1,1.3,59,9.1,11.3,41.579807,14,11,2,1,0,0,0,0,12,2.5,8.2,4.3,0.2,1,0.1,0.1,0.1,0,3,2,2.5/data'
